5 0.000074
10 0.000072
15 0.000095
20 0.000143
25 0.000121
30 0.000176
35 0.000254
40 0.000381
45 0.000496
50 0.000668
55 0.000879
60 0.001120
65 0.001438
70 0.001496
75 0.001805
80 0.002820
85 0.002569
90 0.002610
95 0.003117
100 0.003676
105 0.004196
110 0.004772
115 0.005455
120 0.006177
125 0.007660
130 0.007943
135 0.008779
140 0.009923
145 0.011246
150 0.011997
155 0.013278
160 0.014930
165 0.016017
170 0.017404
175 0.019221
180 0.020611
185 0.022722
190 0.026704
195 0.027262
200 0.028836
205 0.030987
210 0.033321
215 0.035966
220 0.038250
225 0.047172
230 0.049601
235 0.050398
240 0.050123
245 0.054406
250 0.057433
255 0.083942
260 0.105200
265 0.088684
270 0.090157
275 0.097251
280 0.110811
285 0.111252
290 0.112389
295 0.133504
300 0.133787
