8 0.000074
16 0.000086
24 0.000144
32 0.000284
40 0.000516
48 0.000955
56 0.001360
64 0.001994
72 0.002319
80 0.003240
88 0.004044
96 0.004653
104 0.005856
112 0.007340
120 0.008964
128 0.014140
136 0.016661
144 0.015926
152 0.018533
160 0.021567
168 0.024780
176 0.028239
184 0.032617
192 0.040774
200 0.044034
208 0.048256
216 0.064434
224 0.069755
232 0.073116
240 0.075293
248 0.082610
256 0.092610
264 0.107980
272 0.105092
280 0.113729
288 0.126828
296 0.152671
304 0.165254
312 0.162834
320 0.178180
